[Sx]
U1=1
V1=1
WD1=10.04958991
X1=-29.43954
Y1=15.716284
Z1=17.499933
MarkValid1=1
U2=1
V2=9
WD2=10.087046772
X2=-29.429051
Y2=23.716276
Z2=17.499933
MarkValid2=1
U3=9
V3=1
WD3=10.038338602
X3=-21.43944
Y3=15.705834
Z3=17.499933
MarkValid3=1
WF=200
WFZoomU=0.920012285
WFZoomV=0.919999871
WFShiftU=0.000000000
WFShiftV=0.000000000
WFRotU=0.075121961
WFRotV=0.074841634
